          |Double acting cylinder|     Flow meter|     Flow meter|Pressure indicator|One-way flow control valve|5/n Way Valve y1|
          |                     A|               |               |                  |                          |                |
      Time|              Position|           Flow|           Flow|             State|             Opening Level| Switching posit|
         s|                    mm|          l/min|          l/min|                  |                         %|                |
    0.000 |              0.00000 |       0.00000 |       0.00000 |                0 |                100.00000 |              0 |
    0.081 |              0.00000 |       0.00000 |      -1.35550 |                0 |                100.00000 |              0 |
    0.262 |              0.00000 |       0.00000 |      -0.01380 |                0 |                100.00000 |              0 |
    2.544 |              0.00000 |       0.00000 |       0.00000 |                0 |                100.00000 |              0 |
    2.564 |              0.00000 |       0.00000 |       0.00000 |                0 |                100.00000 |              1 |
    2.584 |              0.00000 |      -0.31370 |       1.05610 |                1 |                100.00000 |              1 |
    2.599 |              0.00000 |      -0.05430 |       0.99260 |                1 |                100.00000 |              1 |
    2.619 |              0.50000 |      -0.13060 |       0.91030 |                1 |                100.00000 |              1 |
    2.765 |             46.58610 |      -1.07190 |       0.66950 |                1 |                100.00000 |              1 |
    2.837 |             90.00000 |      -1.18950 |       0.70060 |                1 |                100.00000 |              1 |
    2.857 |             95.30010 |      -0.96240 |       0.22430 |                1 |                100.00000 |              1 |
    2.940 |             99.50000 |      -0.24400 |       0.01890 |                1 |                100.00000 |              1 |
    2.948 |            100.00000 |      -0.22100 |       0.01050 |                1 |                100.00000 |              1 |
    3.465 |            100.00000 |      -0.00130 |       0.00000 |                1 |                100.00000 |              1 |
    3.944 |            100.00000 |      -0.00030 |       0.00000 |                1 |                100.00000 |              1 |
    3.974 |            100.00000 |      -0.00020 |       0.00000 |                1 |                100.00000 |              0 |
    3.984 |            100.00000 |       0.13510 |      -0.37570 |                0 |                100.00000 |              0 |
    4.022 |            100.00000 |       0.13390 |      -0.00450 |                0 |                100.00000 |              0 |
    4.859 |            100.00000 |       0.08770 |       0.00000 |                0 |                100.00000 |              0 |
    4.870 |             99.94680 |       0.08920 |      -0.02620 |                0 |                100.00000 |              0 |
    4.885 |             99.50000 |       0.09270 |      -0.08500 |                0 |                100.00000 |              0 |
    6.268 |             10.00000 |       0.10460 |      -0.12370 |                0 |                100.00000 |              0 |
    6.408 |              6.65510 |       0.05900 |      -0.04540 |                0 |                100.00000 |              0 |
    6.424 |              6.32030 |       0.05700 |      -0.04510 |                0 |                 97.90000 |              0 |
    6.433 |              6.12250 |       0.05580 |      -0.04510 |                0 |                 96.70000 |              0 |
    6.464 |              5.48090 |       0.05190 |      -0.04530 |                0 |                 96.30000 |              0 |
    6.475 |              5.24470 |       0.05050 |      -0.04530 |                0 |                 95.50000 |              0 |
    6.484 |              5.04740 |       0.04940 |      -0.04370 |                0 |                 86.40000 |              0 |
    6.520 |              4.27350 |       0.04660 |      -0.04650 |                0 |                 84.00000 |              0 |
    6.536 |              3.89230 |       0.04550 |      -0.04840 |                0 |                 82.70000 |              0 |
    6.584 |              2.64090 |       0.04220 |      -0.05520 |                0 |                 81.90000 |              0 |
    6.621 |              1.56150 |       0.03960 |      -0.06020 |                0 |                 80.70000 |              0 |
    6.648 |              0.74590 |       0.03780 |      -0.06370 |                0 |                 80.20000 |              0 |
    6.655 |              0.50000 |       0.03730 |      -0.06460 |                0 |                 79.80000 |              0 |
    6.664 |              0.23530 |       0.03670 |      -0.06560 |                0 |                 79.80000 |              0 |
    6.671 |              0.00000 |       0.02350 |      -0.06380 |                0 |                 78.20000 |              0 |
    6.680 |              0.00000 |       0.01510 |      -0.04650 |                0 |                 79.00000 |              0 |
    6.727 |              0.00000 |       0.01210 |      -0.01450 |                0 |                 77.80000 |              0 |
    6.736 |              0.00000 |       0.01160 |      -0.01200 |                0 |                 77.40000 |              0 |
    6.741 |              0.00000 |       0.01130 |      -0.01060 |                0 |                 77.00000 |              0 |
   14.664 |              0.00000 |       0.00000 |       0.00000 |                0 |                 77.00000 |              0 |
   14.683 |              0.00000 |       0.00000 |       0.00000 |                0 |                 77.00000 |              1 |
   14.704 |              0.00000 |      -0.30160 |       0.89630 |                1 |                 77.00000 |              1 |
   14.721 |              0.00000 |      -0.03700 |       0.85110 |                1 |                 77.00000 |              1 |
   14.743 |              0.50000 |      -0.12380 |       0.79060 |                1 |                 77.00000 |              1 |
   14.925 |             59.29840 |      -1.06370 |       0.64640 |                1 |                 77.00000 |              1 |
   14.981 |             90.00000 |      -1.11420 |       0.70690 |                1 |                 77.00000 |              1 |
   14.993 |             94.30940 |      -0.97880 |       0.37230 |                1 |                 77.00000 |              1 |
   15.094 |             99.50000 |      -0.20330 |       0.01930 |                1 |                 77.00000 |              1 |
   15.103 |            100.00000 |      -0.18890 |       0.01070 |                1 |                 77.00000 |              1 |
   15.613 |            100.00000 |      -0.00140 |       0.00000 |                1 |                 77.00000 |              1 |
   27.768 |            100.00000 |       0.00000 |       0.00000 |                1 |                 77.00000 |              1 |
   27.797 |            100.00000 |       0.00000 |       0.00000 |                1 |                 77.00000 |              0 |
   27.811 |            100.00000 |       0.13630 |      -0.35960 |                0 |                 77.00000 |              0 |
   27.849 |            100.00000 |       0.13380 |      -0.00350 |                0 |                 77.00000 |              0 |
   28.684 |            100.00000 |       0.08770 |       0.00000 |                0 |                 77.00000 |              0 |
   28.693 |             99.95650 |       0.08900 |      -0.02310 |                0 |                 77.00000 |              0 |
   28.710 |             99.50000 |       0.09270 |      -0.08410 |                0 |                 77.00000 |              0 |
   30.096 |             10.00000 |       0.10430 |      -0.12340 |                0 |                 77.00000 |              0 |
   30.483 |              0.50000 |       0.03720 |      -0.06480 |                0 |                 77.00000 |              0 |
   30.499 |              0.00000 |       0.02340 |      -0.06420 |                0 |                 77.00000 |              0 |
   30.570 |              0.00000 |       0.01130 |      -0.01060 |                0 |                 77.00000 |              0 |
